{"nbformat":4,"nbformat_minor":0,"metadata":{"colab":{"provenance":[]},"kernelspec":{"name":"python3","display_name":"Python 3"},"language_info":{"name":"python"}},"cells":[{"cell_type":"markdown","source":["# **Fuzzy C-Mean Clustering**"],"metadata":{"id":"J1GcsJ-jNlhi"}},{"cell_type":"markdown","source":["## **Konsep dasar Fuzzy C-Mean Clustering**\n","\n","Fuzzy C-Means (FCM) adalah salah satu metode clustering yang memungkinkan satu data menjadi anggota lebih dari satu cluster dengan derajat keanggotaan tertentu (nilai antara 0 dan 1). Berbeda dengan k-means yang bersifat hard clustering (anggota hanya milik satu cluster), FCM bersifat *soft clustering*.\n","\n"," Berbeda dengan metode K-Means yang bersifat tegas, FCM memungkinkan fleksibilitas dalam menentukan klaster karena setiap data memiliki nilai keanggotaan terhadap semua klaster yang totalnya berjumlah 1.\n","\n"," Tujuan utama dari algoritma ini adalah meminimalkan fungsi objektif yang mempertimbangkan jarak data terhadap pusat klaster dan tingkat keanggotaannya. Algoritma ini bekerja secara iteratif dengan menghitung pusat klaster dan memperbarui nilai keanggotaan hingga nilai-nilai tersebut stabil atau konvergen.\n","\n","Keunggulan FCM terletak pada kemampuannya menangani data yang tidak memiliki batas klaster yang jelas, sehingga cocok untuk aplikasi dunia nyata seperti segmentasi citra atau analisis perilaku konsumen. Namun, algoritma ini juga memiliki kelemahan, seperti sensitif terhadap inisialisasi awal dan lambat saat digunakan pada data dalam jumlah besar. Selain itu, parameter fuzziness (biasanya disimbolkan dengan\n","𝑚\n","m) memengaruhi tingkat \"kabur\"-nya keanggotaan, dan harus ditentukan secara tepat agar hasil klasterisasi optimal.\n","\n","## **Algoritma Fuzzy C-Mean Clustering**\n","\n","Algoritma Fuzzy C-Means (FCM) adalah metode clustering yang menggunakan konsep fuzzy, di mana setiap data dapat menjadi anggota lebih dari satu cluster dengan derajat ketebalan yang berbeda, bernilai antara 0 sampai 1. Algoritma ini memungkinkan data memiliki keseluruhan parsial pada beberapa cluster, berbeda dengan metode clustering keras seperti K-Means yang hanya mengelompokkan data ke satu cluster saja.\n","\n","### **Langkah-langkah Fuzzy C-Mean Clustering**\n","\n","1. Menentukan jumlah cluster (c) yang diinginkan.\n","2. Inisialisasi matriks derajat keanggotaan (U) secara acak, di mana setiap baris mewakili data dan setiap kolom mewakili cluster. Nilai derajat keanggotaan tiap data pada semua cluster harus berjumlah 1.\n","3. Menghitung pusat cluster (centroid) menggunakan rumus rata-rata berbobot, di mana bobotnya adalah derajat pengumpulan data yang dipangkatkan dengan parameter fuzziness M>1.\n","4. Memperbarui derajat pengumpulan (U) berdasarkan jarak data ke pusat cluster yang baru dihitung, sehingga data yang lebih dekat ke pusat cluster memiliki derajat keanggotaan lebih tinggi.\n","5. Menghitung fungsi tujuan yang mengukur total jarak berbobot antara data dan pusat cluster. Fungsi ini diminimasi untuk mendapatkan hasil clustering terbaik.\n","6. Iterasi langkah 3 sampai 5 dilakukan sampai perubahan fungsi tujuan atau perubahan derajat pengumpulan lebih kecil dari nilai toleransi yang telah ditentukan, atau sampai mencapai jumlah iterasi maksimal.\n","\n","**Fungsi Objektif Fuzzy C-Means**\n","\n","$$\n","J_m = \\sum_{i=1}^{n} \\sum_{j=1}^{c} u_{ij}^m \\cdot \\|x_i - c_j\\|^2\n","$$\n","\n","**Keterangan:**\n","\n","- \\( J_m \\) : Fungsi objektif yang diminimalkan  \n","- \\( n \\) : Jumlah data  \n","- \\( c \\) : Jumlah klaster  \n","- \\( u_{ij} \\) : Derajat keanggotaan data ke-\\(i\\) terhadap klaster ke-\\(j\\)  \n","- \\( m \\) : Parameter fuzziness (biasanya \\( m = 2 \\))  \n","- \\( x_i \\) : Data ke-\\(i\\)  \n","- \\( c_j \\) : Pusat klaster ke-\\(j\\)  \n","- \\( \\|x_i - c_j\\| \\) : Jarak antara data ke-\\(i\\) dan pusat klaster ke-\\(j\\) (biasanya Euclidean distance)\n","\n","### **Update derajat keanggotaaan**\n","\n","**Rumus Update Derajat Keanggotaan (Membership Update)**\n","\n","$$\n","u_{ij} = \\frac{1}{\\sum_{k=1}^{c} \\left( \\frac{\\|x_i - c_j\\|}{\\|x_i - c_k\\|} \\right)^{\\frac{2}{m - 1}}}\n","$$\n","\n","**Keterangan:**\n","\n","\n","\n","- \\( u_{ij} \\) : Derajat keanggotaan data ke-\\(i\\) terhadap klaster ke-\\(j\\)  \n","- \\( c \\) : Jumlah klaster  \n","- \\( x_i \\) : Data ke-\\(i\\)  \n","- \\( c_j \\) : Pusat klaster ke-\\(j\\)  \n","- \\( \\|x_i - c_j\\| \\) : Jarak antara data ke-\\(i\\) dan pusat klaster ke-\\(j\\)  \n","- \\( m \\) : Parameter fuzziness (biasanya \\( m = 2 \\))\n","\n","\n","### **Update pusat Cluster**\n","\n","**Rumus Update Pusat Klaster**\n","\n","$$\n","c_j = \\frac{\\sum_{i=1}^{n} u_{ij}^m \\cdot x_i}{\\sum_{i=1}^{n} u_{ij}^m}\n","$$\n","\n","**Keterangan:**\n","\n","- \\( c_j \\) : Pusat klaster ke-\\(j\\)  \n","- \\( n \\) : Jumlah data  \n","- \\( u_{ij} \\) : Derajat keanggotaan data ke-\\(i\\) terhadap klaster ke-\\(j\\)  \n","- \\( m \\) : Parameter fuzziness (biasanya \\( m = 2 \\))  \n","- \\( x_i \\) : Data ke-\\(i\\)\n","\n","## **Contoh Manual Perhitungan Fuzzy C-Mean (2claster)**\n","\n","1. **Data dan Parameter**\n","\n","  **Data Fitur(X):** = \\begin{bmatrix}\n","  2 \\\\\n","  4 \\\\\n","  5\\\\\n","  8\n","  \\end{bmatrix}\n","\n","  **Parameter:**\n","  - Jumlah data = 4\n","  - Jumlah Cluster *C* = 2\n","  - Fuzziness 𝑚 = 2\n","\n","2. **Inisialisasi Matriks keanggotaan *U* (Acak,tapi Jumlah data = 1)**\n","\n","  **Derajat Keanggotaan** =\n","  \\begin{bmatrix}\n","  Data & u1 & u2\\\\\n","  2 & 0.8 & 0.2 \\\\\n","  4 & 0.6 & 0.4 \\\\\n","  5 & 0.4 & 0.6 \\\\\n","  8 & 0.3 & 0.7 \\\\\n","  \\end{bmatrix}\n","\n","3. **Hitung centroid tiap cluster**\n","\n","  Rumus centroid cluster *j*:\n","\n","  $$\n","  v_j = \\frac{\\sum_{i=1}^{n} u_{ji}^m \\cdot x_i}{\\sum_{i=1}^{n} u_{ji}^m}\n","  $$\n","\n","  📌**Cluster 1:**\n","\n","  $$\n","  v_1 = \\frac{(0.8^2 \\cdot 2) + (0.6^2 \\cdot 4) + (0.4^2 \\cdot 5) + (0.3^2 \\cdot 8)}{0.8^2 + 0.6^2 + 0.4^2 + 0.3^2}\n","  = \\frac{1.28 + 1.44 + 0.8 + 0.72}{0.64 + 0.36 + 0.16 + 0.09}\n","  = \\frac{4.24}{1.25}\n","  \\approx 3.392\n","  $$\n","\n","  📌**Cluster 2:**\n","\n","  $$\n","  v_2 = \\frac{(0.2^2 \\cdot 2) + (0.4^2 \\cdot 4) + (0.6^2 \\cdot 5) + (0.7^2 \\cdot 8)}{0.2^2 + 0.4^2 + 0.6^2 + 0.7^2}\n","  = \\frac{0.08 + 0.64 + 1.8 + 3.92}{0.04 + 0.16 + 0.36 + 0.49}\n","  = \\frac{6.44}{1.05}\n","  \\approx 6.133\n","  $$\n","\n","4. **Update Keanggotaan *U***\n","\n","  Rumus Update Keanggotaan $u_{ji}$:\n","\n","  $$\n","  u_{ji} = \\frac{1}{\\sum_{k=1}^{c} \\left(\\frac{d(x_i, v_j)}{d(x_i, v_k)}\\right)^{\\frac{2}{m-1}}}\n","  $$\n","\n","  #### Contoh data $x_1 = 2$:\n","\n","  * $d(x_1, v_1) = |2 - 3.392| = 1.392$\n","  * $d(x_1, v_2) = |2 - 6.133| = 4.133$\n","\n","  $$\n","  u_{1,1} = \\frac{1}{\\left(\\frac{1.392}{1.392}\\right)^2 + \\left(\\frac{1.392}{4.133}\\right)^2}\n","  = \\frac{1}{1 + (0.1134)^2}\n","  = \\frac{1}{1 + 0.012}\n","  \\approx 0.988\n","  $$\n","\n","  $$\n","  u_{2,1} = 1 - u_{1,1} \\approx 0.011\n","  $$\n","\n","  Ulangi cara tersebut untuk semua data dan cluster yang sudah dihitung.\n","\n","5. **Cek Konvergensi**\n","\n","  Bandingkan perubahan centroid $v_j$ dengan iterasi sebelumnya. Jika perubahan semua centroid < 0.01, maka **konvergen**.\n","  Jika belum, Maka **ulang ke Step 2** dengan $U$ yang baru.\n","\n","  **Fungsi Objektif $J_m$**\n","\n","  Rumus:\n","\n","  $$\n","  J_m = \\sum_{j=1}^{c} \\sum_{i=1}^{n} u_{ji}^m \\cdot d^2(x_i, v_j)\n","  $$\n","\n","  Dengan $m = 2$, dan hasil sebelumnya (misalnya iterasi awal):\n","\n","  $$\n","  J_m = (0.8^2 \\cdot (2 - 3.392)^2) + (0.6^2 \\cdot (4 - 3.392)^2) + \\dots\n","  $$\n","\n","  Lanjutkan hingga menjumlahkan seluruh nilai dari 2 cluster dan 4 data.\n","\n","---\n","  **Berikut ini detail tiap Iterasi**\n","\n","| Iterasi | Centroid 1 | Centroid 2 | Fungsi Objektif \\$J\\_m\\$ | U\\[1,1] | U\\[1,2] | U\\[1,3] | U\\[1,4] | U\\[2,1] | U\\[2,2] | U\\[2,3] | U\\[2,4] |\n","| ------: | ---------: | ---------: | -----------------------: | ------: | ------: | ------: | ------: | ------: | ------: | ------: | ------: |\n","|       1 |     3.3920 |     6.1333 |                   5.9336 |  0.8981 |  0.9249 |  0.3319 |  0.1410 |  0.1019 |  0.0751 |  0.6681 |  0.8590 |\n","|       2 |     3.2056 |     6.8137 |                   4.9054 |  0.9410 |  0.9262 |  0.5053 |  0.0577 |  0.0590 |  0.0738 |  0.4947 |  0.9423 |\n","|       3 |     3.2496 |     7.3196 |                   4.4214 |  0.9477 |  0.9514 |  0.6372 |  0.0201 |  0.0523 |  0.0486 |  0.3628 |  0.9799 |\n","|       4 |     3.3715 |     7.6164 |                   4.2162 |  0.9437 |  0.9707 |  0.7208 |  0.0068 |  0.0563 |  0.0293 |  0.2792 |  0.9932 |\n","|       5 |     3.4637 |     7.7601 |                   4.1537 |  0.9393 |  0.9801 |  0.7635 |  0.0028 |  0.0607 |  0.0199 |  0.2365 |  0.9972 |\n","|       6 |     3.5128 |     7.8184 |                   4.1402 |  0.9367 |  0.9840 |  0.7822 |  0.0016 |  0.0633 |  0.0160 |  0.2178 |  0.9984 |\n","|       7 |     3.5349 |     7.8403 |                   4.1378 |  0.9354 |  0.9855 |  0.7899 |  0.0013 |  0.0646 |  0.0145 |  0.2101 |  0.9987 |\n","\n","---\n","\n","  ✅**Hasil Konvergensi**\n","\n","  Konvergensi Tercapai pada iterasi ke-7\n"],"metadata":{"id":"z_KZZnWVN9yN"}},{"cell_type":"markdown","source":["## **Implementasi Python serta Menampilkan nilai pusat cluster,keanggotaan setiap iterasi dan hitung fungsi objektif setiap iterasi**"],"metadata":{"id":"lvK077IGrjNS"}},{"cell_type":"code","source":["import numpy as np\n","\n","# Langkah 1: Data dan parameter\n","data = np.array([2, 4, 5, 8], dtype=float)\n","m = 2.0  # derajat fuzziness\n","epsilon = 0.01  # ambang konvergensi\n","max_iter = 100  # batas maksimal iterasi (jika tidak konvergen)\n","\n","# Langkah 2: Inisialisasi keanggotaan awal (manual)\n","U = np.array([\n","    [0.8, 0.2],\n","    [0.6, 0.4],\n","    [0.4, 0.6],\n","    [0.3, 0.7]\n","], dtype=float)\n","\n","# Fungsi: Update centroid\n","def update_centroids(U, data, m):\n","    um = U ** m\n","    centroids = np.dot(um.T, data) / um.sum(axis=0)\n","    return centroids  # (2,)\n","\n","# Fungsi: Update keanggotaan\n","def update_membership(data, centroids, m):\n","    n = len(data)\n","    c = len(centroids)\n","    new_U = np.zeros((n, c))\n","    for i in range(n):\n","        for j in range(c):\n","            denom = 0\n","            for k in range(c):\n","                d_ij = abs(data[i] - centroids[j])\n","                d_ik = abs(data[i] - centroids[k])\n","                d_ij = max(d_ij, 1e-10)  # hindari pembagian 0\n","                d_ik = max(d_ik, 1e-10)\n","                denom += (d_ij / d_ik) ** (2 / (m - 1))\n","            new_U[i][j] = 1 / denom\n","    return new_U\n","\n","# Fungsi: Hitung fungsi objektif\n","def objective_function(U, data, centroids, m):\n","    J = 0\n","    for i in range(len(data)):\n","        for j in range(len(centroids)):\n","            dist_sq = (data[i] - centroids[j]) ** 2\n","            J += (U[i][j] ** m) * dist_sq\n","    return J\n","\n","# Langkah 3: Iterasi hingga konvergen\n","for iteration in range(max_iter):\n","    centroids = update_centroids(U, data, m)\n","    new_U = update_membership(data, centroids, m)\n","    J = objective_function(new_U, data, centroids, m)\n","    delta_U = np.max(np.abs(new_U - U))\n","\n","    print(f\"Iterasi {iteration + 1}\")\n","    print(\"Centroid:\", np.round(centroids, 4))\n","    print(\"Matriks Keanggotaan (U):\\n\", np.round(new_U, 4))\n","    print(\"Fungsi Objektif (J):\", round(J, 4))\n","    print(\"Perubahan Maksimum Delta U:\", round(delta_U, 6))\n","    print(\"-\" * 40)\n","\n","    if delta_U < epsilon:\n","        print(f\"✅ Konvergen pada iterasi ke-{iteration + 1}\")\n","        break\n","\n","    U = new_U\n","else:\n","    print(\"❌ Tidak konvergen hingga iterasi maksimum.\")\n"],"metadata":{"colab":{"base_uri":"https://localhost:8080/"},"id":"_kIdNiU2l_Ze","outputId":"2d2a693a-1f9a-45a0-a876-997bacc9b73e"},"execution_count":null,"outputs":[{"output_type":"stream","name":"stdout","text":["Iterasi 1\n","Centroid: [3.392  6.1333]\n","Matriks Keanggotaan (U):\n"," [[0.8981 0.1019]\n"," [0.9249 0.0751]\n"," [0.3319 0.6681]\n"," [0.141  0.859 ]]\n","Fungsi Objektif (J): 5.9336\n","Perubahan Maksimum Delta U: 0.324877\n","----------------------------------------\n","Iterasi 2\n","Centroid: [3.2056 6.8137]\n","Matriks Keanggotaan (U):\n"," [[0.941  0.059 ]\n"," [0.9262 0.0738]\n"," [0.5053 0.4947]\n"," [0.0577 0.9423]]\n","Fungsi Objektif (J): 4.9054\n","Perubahan Maksimum Delta U: 0.173454\n","----------------------------------------\n","Iterasi 3\n","Centroid: [3.2496 7.3196]\n","Matriks Keanggotaan (U):\n"," [[0.9477 0.0523]\n"," [0.9514 0.0486]\n"," [0.6372 0.3628]\n"," [0.0201 0.9799]]\n","Fungsi Objektif (J): 4.4214\n","Perubahan Maksimum Delta U: 0.131827\n","----------------------------------------\n","Iterasi 4\n","Centroid: [3.3715 7.6164]\n","Matriks Keanggotaan (U):\n"," [[0.9437 0.0563]\n"," [0.9707 0.0293]\n"," [0.7208 0.2792]\n"," [0.0068 0.9932]]\n","Fungsi Objektif (J): 4.2162\n","Perubahan Maksimum Delta U: 0.083608\n","----------------------------------------\n","Iterasi 5\n","Centroid: [3.4637 7.7601]\n","Matriks Keanggotaan (U):\n"," [[0.9393 0.0607]\n"," [0.9801 0.0199]\n"," [0.7635 0.2365]\n"," [0.0028 0.9972]]\n","Fungsi Objektif (J): 4.1537\n","Perubahan Maksimum Delta U: 0.042694\n","----------------------------------------\n","Iterasi 6\n","Centroid: [3.5128 7.8184]\n","Matriks Keanggotaan (U):\n"," [[0.9367 0.0633]\n"," [0.984  0.016 ]\n"," [0.7822 0.2178]\n"," [0.0016 0.9984]]\n","Fungsi Objektif (J): 4.1402\n","Perubahan Maksimum Delta U: 0.018733\n","----------------------------------------\n","Iterasi 7\n","Centroid: [3.5349 7.8403]\n","Matriks Keanggotaan (U):\n"," [[0.9354 0.0646]\n"," [0.9855 0.0145]\n"," [0.7899 0.2101]\n"," [0.0013 0.9987]]\n","Fungsi Objektif (J): 4.1378\n","Perubahan Maksimum Delta U: 0.007649\n","----------------------------------------\n","✅ Konvergen pada iterasi ke-7\n"]}]},{"cell_type":"markdown","source":["## **Implementasi Fuzzy C-Means Clustering Untuk data Iris (3Cluster)**"],"metadata":{"id":"AAvVVrKRsV8h"}},{"cell_type":"markdown","source":["### **inisialisasi Data Iris dan Parameter**"],"metadata":{"id":"E1rsuHM6s6Ug"}},{"cell_type":"code","source":["import numpy as np\n","import pandas as pd\n","import matplotlib.pyplot as plt\n","from sklearn.decomposition import PCA\n","from sklearn.datasets import load_iris\n","import matplotlib.pyplot as plt\n","\n","# Fungsi ambil data Iris dan atur ulang kolom\n","def get_iris_data():\n","    iris = load_iris()\n","    df = pd.DataFrame(iris.data, columns=iris.feature_names)\n","    df[\"class\"] = pd.Categorical.from_codes(iris.target, iris.target_names)\n","    df[\"id\"] = df.index + 1  # ID dimulai dari 1\n","\n","    # Susun ulang kolom: id, class, lalu fitur\n","    columns_order = [\"id\", \"class\"] + iris.feature_names\n","    df = df[columns_order]\n","    return df\n","\n","# Ambil data\n","df_iris = get_iris_data()\n","\n","# Muat data Iris\n","iris = load_iris()\n","X = iris.data  # Semua fitur: shape (150, 4)\n","feature_names = iris.feature_names\n","\n","# Cetak tanpa indeks\n","print(df_iris.to_string(index=False))\n","\n","# Parameter FCM\n","k = 3                  # Jumlah cluster\n","m = 2.0                # Derajat fuzziness\n","max_iter = 100         # Maksimum iterasi\n","epsilon = 0.01         # Ambang batas konvergensi\n","n = X.shape[0]         # Jumlah data (150)\n","d = X.shape[1]         # Jumlah fitur (4)\n","\n","# Inisialisasi keanggotaan acak (jumlah baris = data, kolom = cluster)\n","U = np.random.dirichlet(np.ones(k), size=n)\n","\n","print()\n","# Cetak semua parameter\n","print(\"📌 Parameter FCM:\")\n","print(f\"Jumlah data (n)        : {n}\")\n","print(f\"Jumlah fitur (d)       : {d} ({', '.join(feature_names)})\")\n","print(f\"Jumlah cluster (k)     : {k}\")\n","print(f\"Fuzziness (m)          : {m}\")\n","print(f\"Maksimum iterasi       : {max_iter}\")\n","print(f\"Ambang konvergensi     : {epsilon}\")\n","print(f\"Shape matriks keanggotaan U: {U.shape}\")"],"metadata":{"colab":{"base_uri":"https://localhost:8080/"},"id":"tOEwgdz9s5JM","outputId":"f8b7e8da-e31e-4a82-ae70-d265d8f91e88"},"execution_count":null,"outputs":[{"output_type":"stream","name":"stdout","text":[" id      class  sepal length (cm)  sepal width (cm)  petal length (cm)  petal width (cm)\n","  1     setosa                5.1               3.5                1.4               0.2\n","  2     setosa                4.9               3.0                1.4               0.2\n","  3     setosa                4.7               3.2                1.3               0.2\n","  4     setosa                4.6               3.1                1.5               0.2\n","  5     setosa                5.0               3.6                1.4               0.2\n","  6     setosa                5.4               3.9                1.7               0.4\n","  7     setosa                4.6               3.4                1.4               0.3\n","  8     setosa                5.0               3.4                1.5               0.2\n","  9     setosa                4.4               2.9                1.4               0.2\n"," 10     setosa                4.9               3.1                1.5               0.1\n"," 11     setosa                5.4               3.7                1.5               0.2\n"," 12     setosa                4.8               3.4                1.6               0.2\n"," 13     setosa                4.8               3.0                1.4               0.1\n"," 14     setosa                4.3               3.0                1.1               0.1\n"," 15     setosa                5.8               4.0                1.2               0.2\n"," 16     setosa                5.7               4.4                1.5               0.4\n"," 17     setosa                5.4               3.9                1.3               0.4\n"," 18     setosa                5.1               3.5                1.4               0.3\n"," 19     setosa                5.7               3.8                1.7               0.3\n"," 20     setosa                5.1               3.8                1.5               0.3\n"," 21     setosa                5.4               3.4                1.7               0.2\n"," 22     setosa                5.1               3.7                1.5               0.4\n"," 23     setosa                4.6               3.6                1.0               0.2\n"," 24     setosa                5.1               3.3                1.7               0.5\n"," 25     setosa                4.8               3.4                1.9               0.2\n"," 26     setosa                5.0               3.0                1.6               0.2\n"," 27     setosa                5.0               3.4                1.6               0.4\n"," 28     setosa                5.2               3.5                1.5               0.2\n"," 29     setosa                5.2               3.4                1.4               0.2\n"," 30     setosa                4.7               3.2                1.6               0.2\n"," 31     setosa                4.8               3.1                1.6               0.2\n"," 32     setosa                5.4               3.4                1.5               0.4\n"," 33     setosa                5.2               4.1                1.5               0.1\n"," 34     setosa                5.5               4.2                1.4               0.2\n"," 35     setosa                4.9               3.1                1.5               0.2\n"," 36     setosa                5.0               3.2                1.2               0.2\n"," 37     setosa                5.5               3.5                1.3               0.2\n"," 38     setosa                4.9               3.6                1.4               0.1\n"," 39     setosa                4.4               3.0                1.3               0.2\n"," 40     setosa                5.1               3.4                1.5               0.2\n"," 41     setosa                5.0               3.5                1.3               0.3\n"," 42     setosa                4.5               2.3                1.3               0.3\n"," 43     setosa                4.4               3.2                1.3               0.2\n"," 44     setosa                5.0               3.5                1.6               0.6\n"," 45     setosa                5.1               3.8                1.9               0.4\n"," 46     setosa                4.8               3.0                1.4               0.3\n"," 47     setosa                5.1               3.8                1.6               0.2\n"," 48     setosa                4.6               3.2                1.4               0.2\n"," 49     setosa                5.3               3.7                1.5               0.2\n"," 50     setosa                5.0               3.3                1.4               0.2\n"," 51 versicolor                7.0               3.2                4.7               1.4\n"," 52 versicolor                6.4               3.2                4.5               1.5\n"," 53 versicolor                6.9               3.1                4.9               1.5\n"," 54 versicolor                5.5               2.3                4.0               1.3\n"," 55 versicolor                6.5               2.8                4.6               1.5\n"," 56 versicolor                5.7               2.8                4.5               1.3\n"," 57 versicolor                6.3               3.3                4.7               1.6\n"," 58 versicolor                4.9               2.4                3.3               1.0\n"," 59 versicolor                6.6               2.9                4.6               1.3\n"," 60 versicolor                5.2               2.7                3.9               1.4\n"," 61 versicolor                5.0               2.0                3.5               1.0\n"," 62 versicolor                5.9               3.0                4.2               1.5\n"," 63 versicolor                6.0               2.2                4.0               1.0\n"," 64 versicolor                6.1               2.9                4.7               1.4\n"," 65 versicolor                5.6               2.9                3.6               1.3\n"," 66 versicolor                6.7               3.1                4.4               1.4\n"," 67 versicolor                5.6               3.0                4.5               1.5\n"," 68 versicolor                5.8               2.7                4.1               1.0\n"," 69 versicolor                6.2               2.2                4.5               1.5\n"," 70 versicolor                5.6               2.5                3.9               1.1\n"," 71 versicolor                5.9               3.2                4.8               1.8\n"," 72 versicolor                6.1               2.8                4.0               1.3\n"," 73 versicolor                6.3               2.5                4.9               1.5\n"," 74 versicolor                6.1               2.8                4.7               1.2\n"," 75 versicolor                6.4               2.9                4.3               1.3\n"," 76 versicolor                6.6               3.0                4.4               1.4\n"," 77 versicolor                6.8               2.8                4.8               1.4\n"," 78 versicolor                6.7               3.0                5.0               1.7\n"," 79 versicolor                6.0               2.9                4.5               1.5\n"," 80 versicolor                5.7               2.6                3.5               1.0\n"," 81 versicolor                5.5               2.4                3.8               1.1\n"," 82 versicolor                5.5               2.4                3.7               1.0\n"," 83 versicolor                5.8               2.7                3.9               1.2\n"," 84 versicolor                6.0               2.7                5.1               1.6\n"," 85 versicolor                5.4               3.0                4.5               1.5\n"," 86 versicolor                6.0               3.4                4.5               1.6\n"," 87 versicolor                6.7               3.1                4.7               1.5\n"," 88 versicolor                6.3               2.3                4.4               1.3\n"," 89 versicolor                5.6               3.0                4.1               1.3\n"," 90 versicolor                5.5               2.5                4.0               1.3\n"," 91 versicolor                5.5               2.6                4.4               1.2\n"," 92 versicolor                6.1               3.0                4.6               1.4\n"," 93 versicolor                5.8               2.6                4.0               1.2\n"," 94 versicolor                5.0               2.3                3.3               1.0\n"," 95 versicolor                5.6               2.7                4.2               1.3\n"," 96 versicolor                5.7               3.0                4.2               1.2\n"," 97 versicolor                5.7               2.9                4.2               1.3\n"," 98 versicolor                6.2               2.9                4.3               1.3\n"," 99 versicolor                5.1               2.5                3.0               1.1\n","100 versicolor                5.7               2.8                4.1               1.3\n","101  virginica                6.3               3.3                6.0               2.5\n","102  virginica                5.8               2.7                5.1               1.9\n","103  virginica                7.1               3.0                5.9               2.1\n","104  virginica                6.3               2.9                5.6               1.8\n","105  virginica                6.5               3.0                5.8               2.2\n","106  virginica                7.6               3.0                6.6               2.1\n","107  virginica                4.9               2.5                4.5               1.7\n","108  virginica                7.3               2.9                6.3               1.8\n","109  virginica                6.7               2.5                5.8               1.8\n","110  virginica                7.2               3.6                6.1               2.5\n","111  virginica                6.5               3.2                5.1               2.0\n","112  virginica                6.4               2.7                5.3               1.9\n","113  virginica                6.8               3.0                5.5               2.1\n","114  virginica                5.7               2.5                5.0               2.0\n","115  virginica                5.8               2.8                5.1               2.4\n","116  virginica                6.4               3.2                5.3               2.3\n","117  virginica                6.5               3.0                5.5               1.8\n","118  virginica                7.7               3.8                6.7               2.2\n","119  virginica                7.7               2.6                6.9               2.3\n","120  virginica                6.0               2.2                5.0               1.5\n","121  virginica                6.9               3.2                5.7               2.3\n","122  virginica                5.6               2.8                4.9               2.0\n","123  virginica                7.7               2.8                6.7               2.0\n","124  virginica                6.3               2.7                4.9               1.8\n","125  virginica                6.7               3.3                5.7               2.1\n","126  virginica                7.2               3.2                6.0               1.8\n","127  virginica                6.2               2.8                4.8               1.8\n","128  virginica                6.1               3.0                4.9               1.8\n","129  virginica                6.4               2.8                5.6               2.1\n","130  virginica                7.2               3.0                5.8               1.6\n","131  virginica                7.4               2.8                6.1               1.9\n","132  virginica                7.9               3.8                6.4               2.0\n","133  virginica                6.4               2.8                5.6               2.2\n","134  virginica                6.3               2.8                5.1               1.5\n","135  virginica                6.1               2.6                5.6               1.4\n","136  virginica                7.7               3.0                6.1               2.3\n","137  virginica                6.3               3.4                5.6               2.4\n","138  virginica                6.4               3.1                5.5               1.8\n","139  virginica                6.0               3.0                4.8               1.8\n","140  virginica                6.9               3.1                5.4               2.1\n","141  virginica                6.7               3.1                5.6               2.4\n","142  virginica                6.9               3.1                5.1               2.3\n","143  virginica                5.8               2.7                5.1               1.9\n","144  virginica                6.8               3.2                5.9               2.3\n","145  virginica                6.7               3.3                5.7               2.5\n","146  virginica                6.7               3.0                5.2               2.3\n","147  virginica                6.3               2.5                5.0               1.9\n","148  virginica                6.5               3.0                5.2               2.0\n","149  virginica                6.2               3.4                5.4               2.3\n","150  virginica                5.9               3.0                5.1               1.8\n","\n","📌 Parameter FCM:\n","Jumlah data (n)        : 150\n","Jumlah fitur (d)       : 4 (sepal length (cm), sepal width (cm), petal length (cm), petal width (cm))\n","Jumlah cluster (k)     : 3\n","Fuzziness (m)          : 2.0\n","Maksimum iterasi       : 100\n","Ambang konvergensi     : 0.01\n","Shape matriks keanggotaan U: (150, 3)\n"]}]},{"cell_type":"markdown","source":["### **Inisialisasi derajat Keanggotaan**"],"metadata":{"id":"hs4wDqcG8LeB"}},{"cell_type":"code","source":["# Load dataset Iris\n","iris = load_iris()\n","X = iris.data\n","n, d = X.shape\n","k = 3              # jumlah cluster\n","m = 2              # derajat fuzziness\n","np.random.seed(42)\n","\n","# Inisialisasi keanggotaan U (acak) - bentuk (150, 3)\n","U = np.random.dirichlet(np.ones(k), size=n)\n","\n","# # Tambahkan ID ke data dan pindahkan ke kolom paling kiri\n","# df = pd.DataFrame(X, columns=iris.feature_names)\n","# df.insert(0, \"id\", df.index + 1)  # ID dimulai dari 1\n","# print(\"=== DATASET ===\")\n","# print(df.to_string(index=False))\n","\n","# Tambahkan ID ke matriks keanggotaan dan pindahkan ke kolom paling kiri\n","df_U = pd.DataFrame(U, columns=[f\"Cluster_{i+1}\" for i in range(k)])\n","df_U.insert(0, \"id\", df.index + 1)  # ID dimulai dari 1\n","print(\"\\n=== Matriks Keanggotaan Awal (U) ===\")\n","print(df_U.to_string(index=False))\n"],"metadata":{"colab":{"base_uri":"https://localhost:8080/"},"id":"uelHS8ddQbOL","outputId":"dd1d7da6-f89f-4dd5-dbb4-565419572c0e"},"execution_count":null,"outputs":[{"output_type":"stream","name":"stdout","text":["\n","=== Matriks Keanggotaan Awal (U) ===\n"," id  Cluster_1  Cluster_2  Cluster_3\n","  1   0.097843   0.627614   0.274543\n","  2   0.729092   0.135465   0.135443\n","  3   0.020012   0.672618   0.307370\n","  4   0.258905   0.004374   0.736721\n","  5   0.802602   0.107237   0.090161\n","  6   0.154749   0.277061   0.568190\n","  7   0.304686   0.185452   0.509862\n","  8   0.157805   0.362926   0.479269\n","  9   0.256977   0.649026   0.093997\n"," 10   0.433105   0.538364   0.028531\n"," 11   0.786286   0.157169   0.056545\n"," 12   0.371867   0.421505   0.206628\n"," 13   0.224416   0.063489   0.712095\n"," 14   0.416197   0.093380   0.490423\n"," 15   0.012795   0.877709   0.109496\n"," 16   0.495122   0.170265   0.334613\n"," 17   0.176281   0.045537   0.778182\n"," 18   0.227841   0.428292   0.343867\n"," 19   0.256408   0.717515   0.026077\n"," 20   0.331538   0.070343   0.598120\n"," 21   0.191249   0.123020   0.685732\n"," 22   0.284033   0.212305   0.503662\n"," 23   0.082113   0.876005   0.041882\n"," 24   0.718148   0.245144   0.036708\n"," 25   0.001895   0.578231   0.419875\n"," 26   0.456876   0.516205   0.026919\n"," 27   0.173696   0.048189   0.778115\n"," 28   0.676208   0.278309   0.045483\n"," 29   0.179627   0.189670   0.630703\n"," 30   0.264555   0.568857   0.166588\n"," 31   0.045378   0.445021   0.509600\n"," 32   0.276603   0.494828   0.228569\n"," 33   0.558990   0.421552   0.019458\n"," 34   0.098605   0.027581   0.873815\n"," 35   0.108788   0.204790   0.686422\n"," 36   0.128943   0.237561   0.633496\n"," 37   0.380918   0.117446   0.501635\n"," 38   0.039229   0.592405   0.368366\n"," 39   0.214285   0.438080   0.347635\n"," 40   0.064281   0.694436   0.241283\n"," 41   0.383611   0.527264   0.089125\n"," 42   0.125054   0.277461   0.597486\n"," 43   0.462727   0.535379   0.001895\n"," 44   0.474586   0.358672   0.166743\n"," 45   0.037523   0.121053   0.841424\n"," 46   0.167122   0.313132   0.519746\n"," 47   0.061899   0.488620   0.449481\n"," 48   0.217168   0.514850   0.267982\n"," 49   0.255268   0.028618   0.716115\n"," 50   0.647979   0.049027   0.302993\n"," 51   0.847338   0.097139   0.055522\n"," 52   0.129446   0.817190   0.053364\n"," 53   0.395392   0.508403   0.096205\n"," 54   0.471707   0.166025   0.362268\n"," 55   0.538005   0.411279   0.050716\n"," 56   0.752495   0.161380   0.086125\n"," 57   0.020138   0.432349   0.547513\n"," 58   0.016876   0.724015   0.259109\n"," 59   0.431370   0.079771   0.488860\n"," 60   0.143928   0.812524   0.043548\n"," 61   0.133535   0.038557   0.827908\n"," 62   0.603763   0.085839   0.310397\n"," 63   0.520692   0.248210   0.231098\n"," 64   0.104493   0.036882   0.858626\n"," 65   0.619519   0.269282   0.111198\n"," 66   0.107442   0.323768   0.568790\n"," 67   0.461908   0.320534   0.217558\n"," 68   0.034435   0.069070   0.896496\n"," 69   0.889165   0.008810   0.102025\n"," 70   0.857910   0.003997   0.138093\n"," 71   0.262741   0.388751   0.348508\n"," 72   0.143459   0.703550   0.152991\n"," 73   0.139846   0.487556   0.372597\n"," 74   0.497384   0.281773   0.220843\n"," 75   0.113716   0.530002   0.356282\n"," 76   0.063693   0.822588   0.113720\n"," 77   0.463065   0.207466   0.329468\n"," 78   0.312236   0.384533   0.303231\n"," 79   0.118791   0.700970   0.180239\n"," 80   0.019591   0.825271   0.155138\n"," 81   0.337363   0.368035   0.294602\n"," 82   0.148484   0.005003   0.846513\n"," 83   0.076846   0.467565   0.455589\n"," 84   0.696610   0.126715   0.176676\n"," 85   0.770648   0.154211   0.075141\n"," 86   0.171102   0.578506   0.250391\n"," 87   0.444066   0.053780   0.502154\n"," 88   0.839509   0.027480   0.133011\n"," 89   0.452022   0.290785   0.257193\n"," 90   0.604529   0.222153   0.173318\n"," 91   0.310564   0.311305   0.378130\n"," 92   0.633830   0.185666   0.180504\n"," 93   0.414623   0.271862   0.313515\n"," 94   0.377485   0.524501   0.098013\n"," 95   0.328626   0.068871   0.602502\n"," 96   0.025323   0.433486   0.541191\n"," 97   0.267486   0.707975   0.024540\n"," 98   0.017192   0.781098   0.201710\n"," 99   0.057968   0.315100   0.626932\n","100   0.185934   0.745838   0.068228\n","101   0.033398   0.477007   0.489595\n","102   0.168163   0.214644   0.617193\n","103   0.268801   0.144347   0.586852\n","104   0.323771   0.592475   0.083754\n","105   0.005014   0.641963   0.353023\n","106   0.624416   0.275780   0.099804\n","107   0.135563   0.229502   0.634935\n","108   0.471079   0.405534   0.123387\n","109   0.590638   0.255277   0.154085\n","110   0.533056   0.306547   0.160397\n","111   0.234963   0.757295   0.007742\n","112   0.581829   0.222084   0.196087\n","113   0.509909   0.320635   0.169456\n","114   0.072458   0.476111   0.451431\n","115   0.150063   0.448860   0.401077\n","116   0.475697   0.501250   0.023052\n","117   0.218120   0.456853   0.325026\n","118   0.607778   0.336542   0.055680\n","119   0.064852   0.911337   0.023811\n","120   0.193474   0.618445   0.188081\n","121   0.230108   0.482804   0.287088\n","122   0.191699   0.689725   0.118577\n","123   0.557826   0.404764   0.037410\n","124   0.365824   0.540589   0.093588\n","125   0.075046   0.869089   0.055865\n","126   0.169141   0.820492   0.010368\n","127   0.786662   0.154613   0.058724\n","128   0.278516   0.231421   0.490063\n","129   0.404151   0.495036   0.100813\n","130   0.060507   0.430182   0.509311\n","131   0.823618   0.094101   0.082281\n","132   0.326720   0.090894   0.582386\n","133   0.500602   0.143498   0.355901\n","134   0.365607   0.028329   0.606064\n","135   0.247717   0.616498   0.135785\n","136   0.817610   0.178446   0.003944\n","137   0.830750   0.033727   0.135523\n","138   0.437073   0.438674   0.124254\n","139   0.514731   0.306508   0.178761\n","140   0.136906   0.383531   0.479563\n","141   0.486615   0.483709   0.029676\n","142   0.443237   0.038525   0.518238\n","143   0.181971   0.683027   0.135002\n","144   0.072715   0.090120   0.837165\n","145   0.831977   0.092113   0.075910\n","146   0.401341   0.025116   0.573544\n","147   0.875937   0.060671   0.063392\n","148   0.822407   0.089347   0.088246\n","149   0.188553   0.331082   0.480365\n","150   0.714557   0.240936   0.044507\n"]}]},{"cell_type":"markdown","source":["### **Hitung centroid berdasarkan matriks keanggotaan U**"],"metadata":{"id":"HaGD5BpncTOk"}},{"cell_type":"code","source":["def calculate_centroids(X, U, m):\n","    um = U ** m\n","    centroids = (um.T @ X) / np.sum(um.T, axis=1)[:, None]\n","    return centroids\n","\n","centroids = calculate_centroids(X, U, m)\n","\n","print(\"=== Centroid Awal (Iterasi ke-1) ===\")\n","for i, centroid in enumerate(centroids):\n","    print(f\"Centroid Cluster {i+1}: {centroid}\")\n"],"metadata":{"colab":{"base_uri":"https://localhost:8080/"},"id":"HhT7JQzYUOMX","outputId":"ae55bad5-2725-4767-ea78-4e50e67d1176"},"execution_count":null,"outputs":[{"output_type":"stream","name":"stdout","text":["=== Centroid Awal (Iterasi ke-1) ===\n","Centroid Cluster 1: [6.06673919 3.00422155 4.16771426 1.37476747]\n","Centroid Cluster 2: [5.85048499 3.06034261 3.8023977  1.20959388]\n","Centroid Cluster 3: [5.63287974 3.1153372  3.26640646 0.99226272]\n"]}]},{"cell_type":"markdown","source":["### **Update matriks keanggotaan U**"],"metadata":{"id":"RmUdexwrecD6"}},{"cell_type":"code","source":["def update_membership(X, centroids, m):\n","    n = X.shape[0]\n","    c = centroids.shape[0]\n","    U_new = np.zeros((n, c))\n","    for i in range(n):\n","        distances = np.linalg.norm(X[i] - centroids, axis=1)\n","        for j in range(c):\n","            denom = np.sum((distances[j] / distances) ** (2 / (m - 1)))\n","            U_new[i, j] = 1 / denom\n","    return U_new\n","\n","# Perbarui keanggotaan\n","U_new = update_membership(X, centroids, m)\n","\n","# Buat DataFrame dan atur urutan kolom (id di paling kiri)\n","df_